Matrix A:
-6         -4         0          8          3          
-7         6          -7         4          4          
10         16         -7         1          1          
3          4          5          7          2          
-5         7          -7         9          4          

Accuracy = 0.0001

_______________________________Iteration 1:
Vector v1:
(-20.8 -7 10 3 -5)

Matrix H1:
-0.405     -0.473     0.676      0.203      -0.338     
-0.473     0.841      0.227      0.0682     -0.114     
0.676      0.227      0.675      -0.0975    0.162      
0.203      0.0682     -0.0975    0.971      0.0487     
-0.338     -0.114     0.162      0.0487     0.919      

Matrix A1:
14.8       8.04       1.96       -6.08      -3.38      
-6.66e-16  10.1       -6.34      -0.739     1.85       
7.77e-16   10.2       -7.94      7.77       4.07       
-1.67e-16  2.26       4.72       9.03       2.92       
0          9.89       -6.53      5.61       2.47       

Vector v2:
(0 27.6 10.2 2.26 9.89)

Matrix H2:
1          0          0          0          0          
0          -0.572     -0.581     -0.129     -0.563     
0          -0.581     0.785      -0.0477    -0.208     
0          -0.129     -0.0477    0.989      -0.0462    
0          -0.563     -0.208     -0.0462    0.798      

Matrix A2:
14.8       8.04       1.96       -6.08      -3.38      
-4.91e-17  -17.6      11.3       -8.42      -5.19      
1.01e-15   1.78e-15   -1.41      4.93       1.46       
-1.16e-16  -2.78e-16  6.16       8.4        2.34       
2.21e-16   8.88e-16   -0.201     2.86       -0.0581    

Vector v3:
(0 0 -7.74 6.16 -0.201)

Matrix H3:
1          0          0          0          0          
0          1          0          0          0          
0          0          -0.223     0.974      -0.0317    
0          0          0.974      0.224      0.0253     
0          0          -0.0317    0.0253     0.999      

Matrix A3:
14.8       8.04       1.96       -6.08      -3.38      
-4.91e-17  -17.6      11.3       -8.42      -5.19      
-3.44e-16  -6.95e-16  6.33       6.99       1.96       
9.59e-16   1.69e-15   -4.47e-16  6.76       1.95       
1.86e-16   8.24e-16   2.78e-17   2.91       -0.0452    

Vector v4:
(0 0 0 14.1 2.91)

Matrix H4:
1          0          0          0          0          
0          1          0          0          0          
0          0          1          0          0          
0          0          0          -0.918     -0.396     
0          0          0          -0.396     0.918      

Matrix A4:
14.8       8.04       1.96       -6.08      -3.38      
-4.91e-17  -17.6      11.3       -8.42      -5.19      
-3.44e-16  -6.95e-16  6.33       6.99       1.96       
-9.54e-16  -1.88e-15  3.99e-16   -7.36      -1.77      
-2.09e-16  8.68e-17   2.02e-16   0          -0.813     

QR matrix decomposition:
Matrix Q:
-0.405     0.0421     0.0502     -0.753     -0.515     
-0.473     -0.558     0.039      0.523      -0.435     
0.676      -0.602     -0.239     -0.233     -0.264     
0.203      -0.135     0.969      -0.0434    -0.0127    
-0.338     -0.553     -0.0117    -0.322     0.69       

Matrix R:
14.8       8.04       1.96       -6.08      -3.38      
-4.91e-17  -17.6      11.3       -8.42      -5.19      
-3.44e-16  -6.95e-16  6.33       6.99       1.96       
-9.54e-16  -1.88e-15  3.99e-16   -7.36      -1.77      
-2.09e-16  8.68e-17   2.02e-16   0          -0.813     

Matrix A1:
-8.57      -2.35      -5.26      -6.03      -13.9      
16         7          -11.5      -9.79      1.17       
5.03       -5.84      5.24       -2.41      -0.411     
-0.894     1.97       -7.11      0.889      -1.13      
0.275      0.45       0.00954    0.261      -0.561     

_______________________________Iteration 2:
Vector v1:
(-27.4 16 5.03 -0.894 0.275)

Matrix H1:
-0.454     0.848      0.267      -0.0474    0.0146     
0.848      0.505      -0.156     0.0276     -0.00849   
0.267      -0.156     0.951      0.00869    -0.00267   
-0.0474    0.0276     0.00869    0.998      0.000474   
0.0146     -0.00849   -0.00267   0.000474   1          

Matrix A1:
18.9       5.37       -5.62      -6.25      7.24       
-8.83e-16  2.5        -11.3      -9.67      -11.2      
-9.01e-17  -7.25      5.31       -2.37      -4.28      
-3.7e-17   2.22       -7.12      0.882      -0.44      
0          0.373      0.0131     0.264      -0.772     

Vector v2:
(0 10.5 -7.25 2.22 0.373)

Matrix H2:
1          0          0          0          0          
0          -0.312     0.907      -0.278     -0.0466    
0          0.907      0.373      0.192      0.0322     
0          -0.278     0.192      0.941      -0.00988   
0          -0.0466    0.0322     -0.00988   0.998      

Matrix A2:
18.9       5.37       -5.62      -6.25      7.24       
2.04e-16   -7.99      10.3       0.615      -0.244     
-8.41e-16  -7.3e-16   -9.62      -9.48      -11.8      
1.93e-16   2.35e-16   -2.54      3.06       1.87       
3.86e-17   5.55e-17   0.78       0.629      -0.385     

Vector v3:
(0 0 -19.6 -2.54 0.78)

Matrix H3:
1          0          0          0          0          
0          1          0          0          0          
0          0          -0.964     -0.254     0.0781     
0          0          -0.254     0.967      0.0101     
0          0          0.0781     0.0101     0.997      

Matrix A3:
18.9       5.37       -5.62      -6.25      7.24       
2.04e-16   -7.99      10.3       0.615      -0.244     
7.65e-16   6.49e-16   9.98       8.4        10.9       
4.02e-16   4.13e-16   2.88e-16   5.38       4.82       
-2.53e-17  6.56e-19   0          -0.0826    -1.29      

Vector v4:
(0 0 0 10.8 -0.0826)

Matrix H4:
1          0          0          0          0          
0          1          0          0          0          
0          0          1          0          0          
0          0          0          -1         0.0154     
0          0          0          0.0154     1          

Matrix A4:
18.9       5.37       -5.62      -6.25      7.24       
2.04e-16   -7.99      10.3       0.615      -0.244     
7.65e-16   6.49e-16   9.98       8.4        10.9       
-4.02e-16  -4.13e-16  -2.88e-16  -5.38      -4.84      
-1.91e-17  7e-18      4.42e-18   0          -1.21      

QR matrix decomposition:
Matrix Q:
-0.454     -0.0105    -0.772     0.442      0.0422     
0.848      -0.306     -0.357     0.243      -0.0107    
0.267      0.909      -0.264     -0.171     0.0568     
-0.0474    -0.279     -0.451     -0.846     0.0293     
0.0146     -0.0465    0.0572     0.0185     0.997      

Matrix R:
18.9       5.37       -5.62      -6.25      7.24       
2.04e-16   -7.99      10.3       0.615      -0.244     
7.65e-16   6.49e-16   9.98       8.4        10.9       
-4.02e-16  -4.13e-16  -2.88e-16  -5.38      -4.84      
-1.91e-17  7e-18      4.42e-18   0          -1.21      

Matrix A2:
-5.12      -5.55      -11.8      16         7.45       
-4.06      11.7       -0.167     -4.24      0.447      
2.42       6.23       -5.8       -8.62      11.7       
0.184      1.72       2.15       4.46       -4.98      
-0.0177    0.0565     -0.0695    -0.0225    -1.21      

_______________________________Iteration 3:
Vector v1:
(-12.1 -4.06 2.42 0.184 -0.0177)

Matrix H1:
-0.734     -0.583     0.348      0.0265     -0.00254   
-0.583     0.804      0.117      0.0089     -0.000853  
0.348      0.117      0.93       -0.00531   0.000509   
0.0265     0.0089     -0.00531   1          3.87e-05   
-0.00254   -0.000853  0.000509   3.87e-05   1          

Matrix A1:
6.97       -0.517     6.77       -12.2      -1.8       
-2.54e-16  13.4       6.06       -13.7      -2.66      
1.26e-16   5.22       -9.52      -2.97      13.5       
2.17e-19   1.65       1.87       4.89       -4.84      
0          0.0638     -0.0424    -0.0638    -1.22      

Vector v2:
(0 27.8 5.22 1.65 0.0638)

Matrix H2:
1          0          0          0          0          
0          -0.925     -0.361     -0.114     -0.00442   
0          -0.361     0.932      -0.0214    -0.00083   
0          -0.114     -0.0214    0.993      -0.000262  
0          -0.00442   -0.00083   -0.000262  1          

Matrix A2:
6.97       -0.517     6.77       -12.2      -1.8       
1.9e-16    -14.4      -2.38      13.2       -1.87      
2.09e-16   3.22e-16   -11.1      2.09       13.7       
2.65e-17   2.27e-16   1.37       6.49       -4.79      
1.02e-18   -1.39e-17  -0.0617    -0.00197   -1.22      

Vector v3:
(0 0 -22.3 1.37 -0.0617)

Matrix H3:
1          0          0          0          0          
0          1          0          0          0          
0          0          -0.993     0.122      -0.00552   
0          0          0.122      0.993      0.000338   
0          0          -0.00552   0.000338   1          

Matrix A3:
6.97       -0.517     6.77       -12.2      -1.8       
1.9e-16    -14.4      -2.38      13.2       -1.87      
-2.04e-16  -2.92e-16  11.2       -1.28      -14.2      
5.18e-17   2.65e-16   1.1e-16    6.69       -3.09      
-1.27e-19  -1.56e-17  -6.94e-18  -0.0113    -1.3       

Vector v4:
(0 0 0 13.4 -0.0113)

Matrix H4:
1          0          0          0          0          
0          1          0          0          0          
0          0          1          0          0          
0          0          0          -1         0.00169    
0          0          0          0.00169    1          

Matrix A4:
6.97       -0.517     6.77       -12.2      -1.8       
1.9e-16    -14.4      -2.38      13.2       -1.87      
-2.04e-16  -2.92e-16  11.2       -1.28      -14.2      
-5.18e-17  -2.65e-16  -1.1e-16   -6.69      3.08       
-3.96e-20  -1.51e-17  -6.75e-18  0          -1.3       

QR matrix decomposition:
Matrix Q:
-0.734     0.411      -0.52      -0.15      -0.00292   
-0.583     -0.787     0.17       0.107      -0.00371   
0.348      -0.444     -0.823     -0.0624    -0.00524   
0.0265     -0.12      0.15       -0.981     0.00189    
-0.00254   -0.00382   -0.00549   0.00149    1          

Matrix R:
6.97       -0.517     6.77       -12.2      -1.8       
1.9e-16    -14.4      -2.38      13.2       -1.87      
-2.04e-16  -2.92e-16  11.2       -1.28      -14.2      
-5.18e-17  -2.65e-16  -1.1e-16   -6.69      3.08       
-3.96e-20  -1.51e-17  -6.75e-18  0          -1.3       

Matrix A3:
-2.78      1.73       -11.1      10.4       -1.87      
7.94       10.8       1.5        -14.3      -1.78      
3.89       -4.76      -9.33      0.536      -14.2      
-0.185     0.793      -1.02      6.57       3.07       
0.00331    0.00499    0.00716    -0.00195   -1.3       

_______________________________Iteration 4:
Vector v1:
(-12 7.94 3.89 -0.185 0.00331)

Matrix H1:
-0.3       0.856      0.42       -0.0199    0.000357   
0.856      0.436      -0.277     0.0131     -0.000235  
0.42       -0.277     0.864      0.00645    -0.000115  
-0.0199    0.0131     0.00645    1          5.48e-06   
0.000357   -0.000235  -0.000115  5.48e-06   1          

Matrix A1:
9.27       6.75       0.712      -15.3      -6.99      
9.28e-16   7.54       -6.29      2.6        1.59       
1.26e-16   -6.38      -13.2      8.85       -12.6      
8.59e-18   0.87       -0.842     6.18       2.99       
8.67e-19   0.00361    0.00391    0.00512    -1.3       

Vector v2:
(0 17.4 -6.38 0.87 0.00361)

Matrix H2:
1          0          0          0          0          
0          -0.76      0.644      -0.0878    -0.000364  
0          0.644      0.765      0.0321     0.000133   
0          -0.0878    0.0321     0.996      -1.81e-05  
0          -0.000364  0.000133   -1.81e-05  1          

Matrix A2:
9.27       6.75       0.712      -15.3      -6.99      
-6.26e-16  -9.91      -3.61      3.17       -9.56      
6.94e-16   9.12e-16   -14.1      8.64       -8.48      
-6.89e-17  -1.48e-16  -0.708     6.2        2.44       
5.46e-19   0          0.00446    0.00524    -1.31      

Vector v3:
(0 0 -28.3 -0.708 0.00446)

Matrix H3:
1          0          0          0          0          
0          1          0          0          0          
0          0          -0.999     -0.0501    0.000316   
0          0          -0.0501    0.999      7.9e-06    
0          0          0.000316   7.9e-06    1          

Matrix A3:
9.27       6.75       0.712      -15.3      -6.99      
-6.26e-16  -9.91      -3.61      3.17       -9.56      
-6.9e-16   -9.03e-16  14.1       -8.94      8.35       
-1.04e-16  -1.93e-16  -4.09e-17  5.76       2.86       
7.65e-19   2.87e-19   8.67e-19   0.00802    -1.31      

Vector v4:
(0 0 0 11.5 0.00802)

Matrix H4:
1          0          0          0          0          
0          1          0          0          0          
0          0          1          0          0          
0          0          0          -1         -0.00139   
0          0          0          -0.00139   1          

Matrix A4:
9.27       6.75       0.712      -15.3      -6.99      
-6.26e-16  -9.91      -3.61      3.17       -9.56      
-6.9e-16   -9.03e-16  14.1       -8.94      8.35       
1.04e-16   1.93e-16   4.09e-17   -5.76      -2.86      
9.09e-19   5.55e-19   9.24e-19   0          -1.31      

QR matrix decomposition:
Matrix Q:
-0.3       -0.379     -0.867     0.125      0.00055    
0.856      -0.51      -0.0674    0.0375     -0.000357  
0.42       0.766      -0.485     -0.0342    0.000205   
-0.0199    -0.0936    -0.0952    -0.991     -0.00137   
0.000357   -0.00026   0.000422   -0.00141   1          

Matrix R:
9.27       6.75       0.712      -15.3      -6.99      
-6.26e-16  -9.91      -3.61      3.17       -9.56      
-6.9e-16   -9.03e-16  14.1       -8.94      8.35       
1.04e-16   1.93e-16   4.09e-17   -5.76      -2.86      
9.09e-19   5.55e-19   9.24e-19   0          -1.31      

Matrix A4:
3.61       -4.98      -7.38      16.6       -6.97      
-10.1      2          2.11       -3.38      -9.56      
6.12       11.7       -6.01      8.36       8.36       
0.114      0.54       0.547      5.71       -2.85      
-0.000469  0.000341   -0.000554  0.00185    -1.31      

_______________________________Iteration 5:
Vector v1:
(15.9 -10.1 6.12 0.114 -0.000469)

Matrix H1:
-0.293     0.817      -0.497     -0.00924   3.8e-05    
0.817      0.484      0.314      0.00584    -2.4e-05   
-0.497     0.314      0.809      -0.00355   1.46e-05   
-0.00924   0.00584    -0.00355   1          2.72e-07   
3.8e-05    -2.4e-05   1.46e-05   2.72e-07   1          

Matrix A1:
-12.3      -2.71      6.87       -11.8      -9.9       
1.4e-15    0.568      -6.89      14.6       -7.71      
-1.71e-15  12.5       -0.535     -2.55      7.24       
-3.05e-17  0.557      0.649      5.51       -2.87      
1.08e-19   0.000274   -0.000973  0.00268    -1.31      

Vector v2:
(0 13.1 12.5 0.557 0.000274)

Matrix H2:
1          0          0          0          0          
0          -0.0452    -0.998     -0.0443    -2.18e-05  
0          -0.998     0.0471     -0.0423    -2.08e-05  
0          -0.0443    -0.0423    0.998      -9.24e-07  
0          -2.18e-05  -2.08e-05  -9.24e-07  1          

Matrix A2:
-12.3      -2.71      6.87       -11.8      -9.9       
1.64e-15   -12.6      0.816      1.64       -6.75      
-1.48e-15  1.69e-15   6.83       -14.9      8.15       
-2.03e-17  7.75e-18   0.976      4.96       -2.83      
1.13e-19   5.42e-20   -0.000812  0.00241    -1.31      

Vector v3:
(0 0 13.7 0.976 -0.000812)

Matrix H3:
1          0          0          0          0          
0          1          0          0          0          
0          0          -0.99      -0.142     0.000118   
0          0          -0.142     0.99       8.37e-06   
0          0          0.000118   8.37e-06   1          

Matrix A3:
-12.3      -2.71      6.87       -11.8      -9.9       
1.64e-15   -12.6      0.816      1.64       -6.75      
1.46e-15   -1.68e-15  -6.9       14         -7.67      
1.89e-16   -2.32e-16  1.17e-19   7.02       -3.95      
-6.06e-20  2.54e-19   -2.17e-19  0.000703   -1.31      

Vector v4:
(0 0 0 14 0.000703)

Matrix H4:
1          0          0          0          0          
0          1          0          0          0          
0          0          1          0          0          
0          0          0          -1         -0.0001    
0          0          0          -0.0001    1          

Matrix A4:
-12.3      -2.71      6.87       -11.8      -9.9       
1.64e-15   -12.6      0.816      1.64       -6.75      
1.46e-15   -1.68e-15  -6.9       14         -7.67      
-1.89e-16  2.32e-16   -1.17e-19  -7.02      3.95       
-7.95e-20  2.77e-19   -2.17e-19  -2.17e-19  -1.31      

QR matrix decomposition:
Matrix Q:
-0.293     0.459      0.833      -0.0945    -7.78e-05  
0.817      -0.335     0.467      -0.0377    -0.0001    
-0.497     -0.822     0.28       0.0122     -4.07e-05  
-0.00924   -0.041     -0.0935    -0.995     -9.76e-05  
3.8e-05    -3.53e-05  0.000114   -0.000108  1          

Matrix R:
-12.3      -2.71      6.87       -11.8      -9.9       
1.64e-15   -12.6      0.816      1.64       -6.75      
1.46e-15   -1.68e-15  -6.9       14         -7.67      
-1.89e-16  2.32e-16   -1.17e-19  -7.02      3.95       
-7.95e-20  2.77e-19   -2.17e-19  -2.17e-19  -1.31      

Matrix A5:
-1.91      -9.91      -8.52      13.1       -9.9       
-10.7      3.48       -5.8       -1.15      -6.74      
3.3        5.09       -3.24      -14        -7.67      
0.065      0.288      0.657      6.98       3.96       
-4.98e-05  4.63e-05   -0.000149  0.000141   -1.31      

_______________________________Iteration 6:
Vector v1:
(-13.3 -10.7 3.3 0.065 -4.98e-05)

Matrix H1:
-0.168     -0.942     0.29       0.00573    -4.39e-06  
-0.942     0.241      0.234      0.00462    -3.54e-06  
0.29       0.234      0.928      -0.00142   1.09e-06   
0.00573    0.00462    -0.00142   1          2.15e-08   
-4.39e-06  -3.54e-06  1.09e-06   2.15e-08   1          

Matrix A1:
11.4       -0.13      5.96       -5.17      5.82       
5.98e-16   11.4       5.87       -15.9      5.92       
-2.45e-17  2.66       -6.84      -9.5       -11.6      
-1.22e-17  0.24       0.586      7.07       3.88       
6.78e-21   8.3e-05    -9.5e-05   7.26e-05   -1.31      

Vector v2:
(0 23 2.66 0.24 8.3e-05)

Matrix H2:
1          0          0          0          0          
0          -0.973     -0.228     -0.0205    -7.12e-06  
0          -0.228     0.974      -0.00237   -8.22e-07  
0          -0.0205    -0.00237   1          -7.4e-08   
0          -7.12e-06  -8.22e-07  -7.4e-08   1          

Matrix A2:
11.4       -0.13      5.96       -5.17      5.82       
-5.76e-16  -11.7      -4.17      17.5       -3.21      
-1.6e-16   -4.98e-18  -8         -5.65      -12.6      
-2.44e-17  5.27e-17   0.481      7.42       3.78       
2.54e-21   1.36e-20   -0.000131  0.000193   -1.31      

Vector v3:
(0 0 -16 0.481 -0.000131)

Matrix H3:
1          0          0          0          0          
0          1          0          0          0          
0          0          -0.998     0.06       -1.64e-05  
0          0          0.06       0.998      4.92e-07   
0          0          -1.64e-05  4.92e-07   1          

Matrix A3:
11.4       -0.13      5.96       -5.17      5.82       
-5.76e-16  -11.7      -4.17      17.5       -3.21      
1.58e-16   8.14e-18   8.01       6.09       12.8       
-3.4e-17   5.23e-17   1.35e-17   7.07       3.02       
5.15e-21   1.37e-20   0          0.000289   -1.31      

Vector v4:
(0 0 0 14.1 0.000289)

Matrix H4:
1          0          0          0          0          
0          1          0          0          0          
0          0          1          0          0          
0          0          0          -1         -4.09e-05  
0          0          0          -4.09e-05  1          

Matrix A4:
11.4       -0.13      5.96       -5.17      5.82       
-5.76e-16  -11.7      -4.17      17.5       -3.21      
1.58e-16   8.14e-18   8.01       6.09       12.8       
3.4e-17    -5.23e-17  -1.35e-17  -7.07      -3.02      
6.54e-21   1.15e-20   -5.53e-22  0          -1.31      

QR matrix decomposition:
Matrix Q:
-0.168     0.851      -0.495     -0.0542    -8.27e-06  
-0.942     -0.288     -0.173     -0.00951   -8.67e-06  
0.29       -0.439     -0.849     -0.0426    -1.7e-05   
0.00573    -0.0247    0.0648     -0.998     -4.03e-05  
-4.39e-06  -3.92e-06  -1.74e-05  -4.15e-05  1          

Matrix R:
11.4       -0.13      5.96       -5.17      5.82       
-5.76e-16  -11.7      -4.17      17.5       -3.21      
1.58e-16   8.14e-18   8.01       6.09       12.8       
3.4e-17    -5.23e-17  -1.35e-17  -7.07      -3.02      
6.54e-21   1.15e-20   -5.53e-22  0          -1.31      

Matrix A6:
-0.0872    7.2        -11        4.28       5.82       
9.88       4.76       6.69       -17.1      -3.21      
2.36       -3.67      -6.41      -6.41      12.8       
-0.0405    0.175      -0.458     7.05       -3.02      
5.76e-06   5.14e-06   2.28e-05   5.44e-05   -1.31      

_______________________________Iteration 7:
Vector v1:
(-10.2 9.88 2.36 -0.0405 5.76e-06)

Matrix H1:
-0.00858   0.973      0.232      -0.00398   5.66e-07   
0.973      0.0621     -0.224     0.00384    -5.46e-07  
0.232      -0.224     0.946      0.000918   -1.31e-07  
-0.00398   0.00384    0.000918   1          2.24e-09   
5.66e-07   -5.46e-07  -1.31e-07  2.24e-09   1          

Matrix A1:
10.2       3.71       5.11       -18.2      -0.173     
-5.06e-16  8.12       -8.84      4.57       2.57       
9.3e-17    -2.87      -10.1      -1.23      14.2       
1.04e-17   0.161      -0.394     6.96       -3.04      
0          7.1e-06    1.38e-05   6.7e-05    -1.31      

Vector v2:
(0 16.7 -2.87 0.161 7.1e-06)

Matrix H2:
1          0          0          0          0          
0          -0.943     0.333      -0.0187    -8.24e-07  
0          0.333      0.943      0.0032     1.41e-07   
0          -0.0187    0.0032     1          -7.92e-09  
0          -8.24e-07  1.41e-07   -7.92e-09  1          

Matrix A2:
10.2       3.71       5.11       -18.2      -0.173     
5.08e-16   -8.62      4.98       -4.84      2.37       
-8.05e-17  -6.01e-16  -12.5      0.384      14.2       
2.01e-17   4.25e-17   -0.262     6.87       -3.04      
4.3e-22    8.47e-22   1.96e-05   6.3e-05    -1.31      

Vector v3:
(0 0 -25 -0.262 1.96e-05)

Matrix H3:
1          0          0          0          0          
0          1          0          0          0          
0          0          -1         -0.0209    1.57e-06   
0          0          -0.0209    1          1.65e-08   
0          0          1.57e-06   1.65e-08   1          

Matrix A3:
10.2       3.71       5.11       -18.2      -0.173     
5.08e-16   -8.62      4.98       -4.84      2.37       
8.01e-17   6e-16      12.5       -0.528     -14.2      
2.18e-17   5.51e-17   -1.31e-17  6.86       -3.34      
3.03e-22   -9.71e-23  0          6.37e-05   -1.31      

Vector v4:
(0 0 0 13.7 6.37e-05)

Matrix H4:
1          0          0          0          0          
0          1          0          0          0          
0          0          1          0          0          
0          0          0          -1         -9.29e-06  
0          0          0          -9.29e-06  1          

Matrix A4:
10.2       3.71       5.11       -18.2      -0.173     
5.08e-16   -8.62      4.98       -4.84      2.37       
8.01e-17   6e-16      12.5       -0.528     -14.2      
-2.18e-17  -5.51e-17  1.31e-17   -6.86      3.34       
1.01e-22   -6.09e-22  1.21e-22   0          -1.31      

QR matrix decomposition:
Matrix Q:
-0.00858   -0.84      -0.542     0.0328     9.55e-07   
0.973      -0.133     0.191      -0.00596   -9.84e-07  
0.232      0.526      -0.818     0.009      1.56e-06   
-0.00398   -0.022     -0.0263    -0.999     -9.27e-06  
5.66e-07   -3.52e-07  1.74e-06   -9.31e-06  1          

Matrix R:
10.2       3.71       5.11       -18.2      -0.173     
5.08e-16   -8.62      4.98       -4.84      2.37       
8.01e-17   6e-16      12.5       -0.528     -14.2      
-2.18e-17  -5.51e-17  1.31e-17   -6.86      3.34       
1.01e-22   -6.09e-22  1.21e-22   0          -1.31      

Matrix A7:
4.78       -5.93      -8.51      18.6       -0.173     
-7.2       3.87       -5.58      4.94       2.37       
2.9        6.58       -10.2      0.64       -14.2      
0.0273     0.151      0.18       6.86       3.34       
-7.43e-07  4.61e-07   -2.28e-06  1.22e-05   -1.31      

_______________________________Iteration 8:
Vector v1:
(13.9 -7.2 2.9 0.0273 -7.43e-07)

Matrix H1:
-0.524     0.79       -0.318     -0.003     8.14e-08   
0.79       0.591      0.165      0.00155    -4.22e-08  
-0.318     0.165      0.933      -0.000626  1.7e-08    
-0.003     0.00155    -0.000626  1          1.6e-10    
8.14e-08   -4.22e-08  1.7e-08    1.6e-10    1          

Matrix A1:
-9.12      4.07       3.3        -6.07      6.46       
-1.12e-16  -1.31      -11.7      17.7       -1.07      
1.03e-16   8.67       -7.74      -4.51      -12.8      
2.59e-18   0.171      0.204      6.81       3.35       
-1.06e-22  -7.29e-08  -2.91e-06  1.35e-05   -1.31      

Vector v2:
(0 -10.1 8.67 0.171 -7.29e-08)

Matrix H2:
1          0          0          0          0          
0          -0.15      0.989      0.0194     -8.31e-09  
0          0.989      0.15       -0.0167    7.14e-09   
0          0.0194     -0.0167    1          1.4e-10    
0          -8.31e-09  7.14e-09   1.4e-10    1          

Matrix A2:
-9.12      4.07       3.3        -6.07      6.46       
1.19e-16   8.77       -5.89      -6.97      -12.4      
-9.52e-17  3.3e-16    -12.7      16.7       -3.03      
-1.31e-18  -3.8e-17   0.105      7.23       3.55       
-1.04e-22  1.32e-23   -2.86e-06  1.33e-05   -1.31      

Vector v3:
(0 0 -25.5 0.105 -2.86e-06)

Matrix H3:
1          0          0          0          0          
0          1          0          0          0          
0          0          -1         0.00828    -2.25e-07  
0          0          0.00828    1          9.31e-10   
0          0          -2.25e-07  9.31e-10   1          

Matrix A3:
-9.12      4.07       3.3        -6.07      6.46       
1.19e-16   8.77       -5.89      -6.97      -12.4      
9.52e-17   -3.31e-16  12.7       -16.7      3.06       
-2.1e-18   -3.53e-17  1.16e-17   7.36       3.52       
-8.28e-23  -6.12e-23  -4.24e-22  9.59e-06   -1.31      

Vector v4:
(0 0 0 14.7 9.59e-06)

Matrix H4:
1          0          0          0          0          
0          1          0          0          0          
0          0          1          0          0          
0          0          0          -1         -1.3e-06   
0          0          0          -1.3e-06   1          

Matrix A4:
-9.12      4.07       3.3        -6.07      6.46       
1.19e-16   8.77       -5.89      -6.97      -12.4      
9.52e-17   -3.31e-16  12.7       -16.7      3.06       
2.1e-18    3.53e-17   -1.16e-17  -7.36      -3.52      
-8.01e-23  -1.52e-23  -4.39e-22  0          -1.31      

QR matrix decomposition:
Matrix Q:
-0.524     -0.433     -0.733     -0.0237    -1.23e-07  
0.79       0.0747     -0.609     -0.0153    -2.03e-07  
-0.318     0.898      -0.303     0.0105     -3.22e-08  
-0.003     0.0186     0.0235     -1         -1.3e-06   
8.14e-08   1.48e-08   -1.93e-07  -1.3e-06   1          

Matrix R:
-9.12      4.07       3.3        -6.07      6.46       
1.19e-16   8.77       -5.89      -6.97      -12.4      
9.52e-17   -3.31e-16  12.7       -16.7      3.06       
2.1e-18    3.53e-17   -1.16e-17  -7.36      -3.52      
-8.01e-23  -1.52e-23  -4.39e-22  0          -1.31      

Matrix A8:
6.97       7.1        3.06       6.25       6.46       
8.83       -4.77      -3.72      6.77       -12.4      
-4         11.1       -4.25      16.8       3.06       
0.0221     -0.137     -0.173     7.36       -3.52      
-1.07e-07  -1.94e-08  2.53e-07   1.71e-06   -1.31      

_______________________________Iteration 9:
Vector v1:
(18.9 8.83 -4 0.0221 -1.07e-07)

Matrix H1:
-0.584     -0.739     0.335      -0.00185   8.94e-09   
-0.739     0.655      0.157      -0.000863  4.17e-09   
0.335      0.157      0.929      0.000392   -1.89e-09  
-0.00185   -0.000863  0.000392   1          1.04e-11   
8.94e-09   4.17e-09   -1.89e-09  1.04e-11   1          

Matrix A1:
-11.9      3.11       -0.463     -3.04      6.45       
-3.49e-15  -6.63      -5.37      2.43       -12.4      
1.35e-15   12         -3.5       18.7       3.07       
-8.05e-18  -0.142     -0.178     7.35       -3.52      
1.32e-23   3.13e-09   2.73e-07   1.76e-06   -1.31      

Vector v2:
(0 -20.3 12 -0.142 3.13e-09)

Matrix H2:
1          0          0          0          0          
0          -0.485     0.875      -0.0103    2.29e-10   
0          0.875      0.485      0.00609    -1.35e-10  
0          -0.0103    0.00609    1          1.59e-12   
0          2.29e-10   -1.35e-10  1.59e-12   1          

Matrix A2:
-11.9      3.11       -0.463     -3.04      6.45       
2.87e-15   13.7       -0.462     15.1       8.75       
-2.4e-15   -1.96e-16  -6.39      11.3       -9.41      
3.62e-17   2.78e-17   -0.143     7.44       -3.37      
1.23e-23   -8.27e-25  2.72e-07   1.76e-06   -1.31      

Vector v3:
(0 0 -12.8 -0.143 2.72e-07)

Matrix H3:
1          0          0          0          0          
0          1          0          0          0          
0          0          -1         -0.0224    4.26e-08   
0          0          -0.0224    1          4.77e-10   
0          0          4.26e-08   4.77e-10   1          

Matrix A3:
-11.9      3.11       -0.463     -3.04      6.45       
2.87e-15   13.7       -0.462     15.1       8.75       
2.4e-15    1.96e-16   6.39       -11.4      9.48       
9e-17      3.22e-17   1.89e-17   7.18       -3.16      
-8.98e-23  -9.17e-24  -5.29e-23  2.24e-06   -1.31      

Vector v4:
(0 0 0 14.4 2.24e-06)

Matrix H4:
1          0          0          0          0          
0          1          0          0          0          
0          0          1          0          0          
0          0          0          -1         -3.12e-07  
0          0          0          -3.12e-07  1          

Matrix A4:
-11.9      3.11       -0.463     -3.04      6.45       
2.87e-15   13.7       -0.462     15.1       8.75       
2.4e-15    1.96e-16   6.39       -11.4      9.48       
-9e-17     -3.22e-17  -1.89e-17  -7.18      3.16       
-1.18e-22  -1.92e-23  -5.88e-23  0          -1.31      

QR matrix decomposition:
Matrix Q:
-0.584     0.652      0.484      -0.0187    -1.77e-08  
-0.739     -0.18      -0.648     0.0212     3.85e-08   
0.335      0.737      -0.587     0.00874    2.57e-08   
-0.00185   -0.00958   -0.028     -1         -3.11e-07  
8.94e-09   -3.45e-09  4e-08      -3.12e-07  1          

Matrix R:
-11.9      3.11       -0.463     -3.04      6.45       
2.87e-15   13.7       -0.462     15.1       8.75       
2.4e-15    1.96e-16   6.39       -11.4      9.48       
-9e-17     -3.22e-17  -1.89e-17  -7.18      3.16       
-1.18e-22  -1.92e-23  -5.88e-23  0          -1.31      

Matrix A9:
4.52       -8.65      -7.44      3.33       6.45       
-10.3      -2.95      -9.02      -14.8      8.75       
2.17       4.82       -3.44      11.5       9.48       
0.0133     0.0688     0.201      7.18       3.16       
-1.17e-08  4.52e-09   -5.24e-08  4.09e-07   -1.31      

_______________________________Iteration 10:
Vector v1:
(16 -10.3 2.17 0.0133 -1.17e-08)

Matrix H1:
-0.394     0.899      -0.189     -0.00116   1.02e-09   
0.899      0.42       0.122      0.000748   -6.6e-10   
-0.189     0.122      0.974      -0.000157  1.39e-10   
-0.00116   0.000748   -0.000157  1          8.51e-13   
1.02e-09   -6.6e-10   1.39e-10   8.51e-13   1          

Matrix A1:
-11.5      -0.154     -4.53      -16.8      3.53       
-1.76e-15  -8.43      -10.9      -1.84      10.6       
3.3e-16    5.97       -3.04      8.74       9.08       
1.72e-18   0.0759     0.203      7.16       3.16       
-1.65e-24  -1.71e-09  -5.45e-08  4.24e-07   -1.31      

Vector v2:
(0 -18.8 5.97 0.0759 -1.71e-09)

Matrix H2:
1          0          0          0          0          
0          -0.816     0.578      0.00735    -1.66e-10  
0          0.578      0.816      -0.00234   5.27e-11   
0          0.00735    -0.00234   1          6.7e-13    
0          -1.66e-10  5.27e-11   6.7e-13    1          

Matrix A2:
-11.5      -0.154     -4.53      -16.8      3.53       
1.63e-15   10.3       7.14       6.6        -3.4       
-7.5e-16   -1.83e-15  -8.78      6.05       13.5       
-1.2e-17   -2.78e-17  0.13       7.13       3.22       
-1.35e-24  4.14e-25   -5.29e-08  4.25e-07   -1.31      

Vector v3:
(0 0 -17.6 0.13 -5.29e-08)

Matrix H3:
1          0          0          0          0          
0          1          0          0          0          
0          0          -1         0.0148     -6.02e-09  
0          0          0.0148     1          4.47e-11   
0          0          -6.02e-09  4.47e-11   1          

Matrix A3:
-11.5      -0.154     -4.53      -16.8      3.53       
1.63e-15   10.3       7.14       6.6        -3.4       
7.49e-16   1.83e-15   8.78       -5.95      -13.5      
-2.31e-17  -5.49e-17  -2.36e-18  7.22       3.42       
3.17e-24   1.14e-23   0          3.89e-07   -1.31      

Vector v4:
(0 0 0 14.4 3.89e-07)

Matrix H4:
1          0          0          0          0          
0          1          0          0          0          
0          0          1          0          0          
0          0          0          -1         -5.38e-08  
0          0          0          -5.38e-08  1          

Matrix A4:
-11.5      -0.154     -4.53      -16.8      3.53       
1.63e-15   10.3       7.14       6.6        -3.4       
7.49e-16   1.83e-15   8.78       -5.95      -13.5      
2.31e-17   5.49e-17   2.36e-18   -7.22      -3.42      
4.41e-24   1.44e-23   1.27e-25   0          -1.31      

QR matrix decomposition:
Matrix Q:
-0.394     -0.843     -0.365     -0.0113    -1.94e-09  
0.899      -0.272     -0.342     -0.00863   -3.25e-09  
-0.189     0.464      -0.866     -0.0113    -5.65e-09  
-0.00116   0.00664    0.0169     -1         -5.38e-08  
1.02e-09   4.53e-10   -5.81e-09  -5.39e-08  1          

Matrix R:
-11.5      -0.154     -4.53      -16.8      3.53       
1.63e-15   10.3       7.14       6.6        -3.4       
7.49e-16   1.83e-15   8.78       -5.95      -13.5      
2.31e-17   5.49e-17   2.36e-18   -7.22      -3.42      
4.41e-24   1.44e-23   1.27e-25   0          -1.31      

Matrix A10:
5.26       7.49       7.88       17         3.53       
7.94       0.537      -9.6       -6.77      -3.4       
-1.65      4.03       -7.7       5.85       -13.5      
0.00837    -0.048     -0.122     7.22       -3.42      
-1.34e-09  -5.94e-10  7.61e-09   7.06e-08   -1.31      

_______________________________Iteration 11:
Vector v1:
(14.9 7.94 -1.65 0.00837 -1.34e-09)

Matrix H1:
-0.544     -0.821     0.171      -0.000867  1.39e-10   
-0.821     0.563      0.091      -0.000461  7.38e-11   
0.171      0.091      0.981      9.6e-05    -1.54e-11  
-0.000867  -0.000461  9.6e-05    1          7.79e-14   
1.39e-10   7.38e-11   -1.54e-11  7.79e-14   1          

Matrix A1:
-9.66      -3.83      2.29       -2.7       -1.43      
8.58e-16   -5.48      -12.6      -17.3      -6.04      
-2.08e-16  5.28       -7.08      8.03       -13        
1.73e-18   -0.0543    -0.125     7.21       -3.42      
-2.07e-25  4.23e-10   8.11e-09   7.24e-08   -1.31      

Vector v2:
(0 -13.1 5.28 -0.0543 4.23e-10)

Matrix H2:
1          0          0          0          0          
0          -0.72      0.694      -0.00713   5.56e-11   
0          0.694      0.72       0.00288    -2.24e-11  
0          -0.00713   0.00288    1          2.31e-13   
0          5.56e-11   -2.24e-11  2.31e-13   1          

Matrix A2:
-9.66      -3.83      2.29       -2.7       -1.43      
-7.62e-16  7.61       4.14       18         -4.61      
4.46e-16   -1.98e-15  -13.8      -6.18      -13.5      
-4.98e-18  1.39e-17   -0.0556    7.35       -3.41      
-1.54e-25  -1.03e-25  7.57e-09   7.12e-08   -1.31      

Vector v3:
(0 0 -27.6 -0.0556 7.57e-09)

Matrix H3:
1          0          0          0          0          
0          1          0          0          0          
0          0          -1         -0.00402   5.48e-10   
0          0          -0.00402   1          1.1e-12    
0          0          5.48e-10   1.1e-12    1          

Matrix A3:
-9.66      -3.83      2.29       -2.7       -1.43      
-7.62e-16  7.61       4.14       18         -4.61      
-4.46e-16  1.98e-15   13.8       6.15       13.5       
-6.78e-18  2.19e-17   6.95e-18   7.38       -3.36      
8.97e-26   -1.19e-24  0          6.79e-08   -1.31      

Vector v4:
(0 0 0 14.8 6.79e-08)

Matrix H4:
1          0          0          0          0          
0          1          0          0          0          
0          0          1          0          0          
0          0          0          -1         -9.2e-09   
0          0          0          -9.2e-09   1          

Matrix A4:
-9.66      -3.83      2.29       -2.7       -1.43      
-7.62e-16  7.61       4.14       18         -4.61      
-4.46e-16  1.98e-15   13.8       6.15       13.5       
6.78e-18   -2.19e-17  -6.95e-18  -7.38      3.36       
1.52e-25   -1.39e-24  -6.39e-26  -1.32e-23  -1.31      

QR matrix decomposition:
Matrix Q:
-0.544     0.71       0.447      -0.00728   -2.23e-10  
-0.821     -0.342     -0.456     0.00605    4.09e-10   
0.171      0.615      -0.77      0.000827   3.97e-10   
-0.000867  -0.00673   -0.00665   -1         -9.2e-09   
1.39e-10   -8.25e-12  5.3e-10    -9.2e-09   1          

Matrix R:
-9.66      -3.83      2.29       -2.7       -1.43      
-7.62e-16  7.61       4.14       18         -4.61      
-4.46e-16  1.98e-15   13.8       6.15       13.5       
6.78e-18   -2.19e-17  -6.95e-18  -7.38      3.36       
1.52e-25   -1.39e-24  -6.39e-26  -1.32e-23  -1.31      

Matrix A11:
8.79       -4.13      -4.31      2.75       -1.43      
-5.56      -0.178     -6.78      -17.9      -4.61      
2.36       8.46       -10.7      -6.14      13.5       
0.00639    0.0497     0.0491     7.38       3.36       
-1.82e-10  1.08e-11   -6.95e-10  1.21e-08   -1.31      

_______________________________Iteration 12:
Vector v1:
(19.5 -5.56 2.36 0.00639 -1.82e-10)

Matrix H1:
-0.824     0.521      -0.221     -0.000599  1.71e-11   
0.521      0.851      0.0632     0.000171   -4.87e-12  
-0.221     0.0632     0.973      -7.27e-05  2.07e-12   
-0.000599  0.000171   -7.27e-05  1          5.6e-15    
1.71e-11   -4.87e-12  2.07e-12   5.6e-15    1          

Matrix A1:
-10.7      1.44       2.38       -10.3      -4.22      
-4.26e-16  -1.77      -8.69      -14.2      -3.81      
3.47e-16   9.14       -9.87      -7.71      13.2       
-8.67e-19  0.0515     0.0513     7.37       3.36       
0          -4.12e-11  -7.57e-10  1.22e-08   -1.31      

Vector v2:
(0 -11.1 9.14 0.0515 -4.12e-11)

Matrix H2:
1          0          0          0          0          
0          -0.19      0.982      0.00554    -4.43e-12  
0          0.982      0.19       -0.00457   3.65e-12   
0          0.00554    -0.00457   1          2.06e-14   
0          -4.43e-12  3.65e-12   2.06e-14   1          

Matrix A2:
-10.7      1.44       2.38       -10.3      -4.22      
4.22e-16   9.31       -8.04      -4.83      13.7       
-3.52e-16  3.97e-16   -10.4      -15.4      -1.25      
-4.81e-18  6.94e-18   0.0482     7.33       3.28       
3.16e-27   -6.46e-27  -7.55e-10  1.22e-08   -1.31      

Vector v3:
(0 0 -20.8 0.0482 -7.55e-10)

Matrix H3:
1          0          0          0          0          
0          1          0          0          0          
0          0          -1         0.00463    -7.25e-11  
0          0          0.00463    1          1.68e-13   
0          0          -7.25e-11  1.68e-13   1          

Matrix A3:
-10.7      1.44       2.38       -10.3      -4.22      
4.22e-16   9.31       -8.04      -4.83      13.7       
3.52e-16   -3.97e-16  10.4       15.5       1.26       
-6.44e-18  8.78e-18   -1.27e-22  7.26       3.27       
