xs: (0 1 2 3 4)

f(x): (1 0.86603 0.5 0 -0.5)

a: (0 1 0.86603 0.5 0)

b: (0 -0.0813804 -0.239149 -0.462023 -0.510851)

c: (0 0 -0.157769 -0.0651043 0.0162761)

d: (0 -0.0525896 0.0308882 0.0271268 -0.00542536)

f(1.5) = 0.710874
