Matrix A:
2      7      -8     6      
4      4      0      -7     
-1     -3     6      3      
9      -7     -2     -8     

LUP matrix decomposition:
Matrix L:
1      0      0      0      
0.22   1      0      0      
0.44   0.83   1      0      
-0.11  -0.44  0.34   1      

Matrix U:
9      -7     -2     -8     
0      8.6    -7.6   7.8    
0      0      7.2    -9.9   
0      0      0      8.9    

Matrix P:
0      0      0      1      
1      0      0      0      
0      1      0      0      
0      0      1      0      

Unknowns x:
(8 -3 2 -3)

Inverse A:
0.1    0.072  0.16   0.074  
0.04   0.11   0.035  -0.054 
-0.0037 0.087  0.15   -0.021 
0.081  -0.038 0.11   0.011  

detA = 4924

